871077670 左上
829.23,1031.64 836.23,1031.77 840.39,1036.70 837.84,1044.52 835.94,1045.78 828.94,1045.63 824.81,1039.52 827.27,1032.97

5081770150 左下
828.16,1018.27 836.51,1018.74 841.22,1023.11 837.64,1032.98 829.21,1032.59 824.44,1028.08

5081769698 右上
840.12,1035.80 847.12,1036.06 851.14,1042.09 848.70,1048.64 846.72,1049.99 839.72,1049.85 835.57,1043.63 838.12,1037.11

5081769697 右下
839.07,1022.33 847.51,1022.73 852.25,1027.19 848.57,1037.02 840.10,1036.52 835.48,1032.20


2.02314
348.518
0.4

r
0
0
-1
1.549

WEBOTS_VEHICLE0

realworld
translation
-2.5
0
0.4